log_timestamp_millis;seq;det_drowsiness;det_microsleep;det_reserved_0;det_no_driver;det_fake_driver;det_eyes_on_road;det_distraction;det_smoking;det_eating;det_drinking;det_phoning;det_reserved_1;det_long_distraction;det_short_distraction;timestamp;tracking_status;head_pose_origin_x;head_pose_origin_y;head_pose_origin_z;head_pose_x_axis_x;head_pose_x_axis_y;head_pose_x_axis_z;head_pose_y_axis_x;head_pose_y_axis_y;head_pose_y_axis_z;head_pose_z_axis_x;head_pose_z_axis_y;head_pose_z_axis_z;head_pose_quality;consensus_gaze_origin_x;consensus_gaze_origin_y;consensus_gaze_origin_z;consensus_gaze_direction_x;consensus_gaze_direction_y;consensus_gaze_direction_z;consensus_gaze_quality;se_perclos_value;se_perclos_quality;drowsiness_4_level_value;drowsiness_4_level_status;eye_open_left_value;eye_open_left_quality;eye_open_right_value;eye_open_right_quality;eye_opening_left_value;eye_opening_left_quality;eye_opening_right_value;eye_opening_right_quality;eye_closure_duration;tracking_state;valid
1737631800302;304007;FALSE;FALSE;FALSE;FALSE;FALSE;FALSE;FALSE;FALSE;FALSE;FALSE;FALSE;FALSE;FALSE;FALSE;5161843435000;2;-0.005914844572544098;0.08975902199745178;0.9395363926887512;-0.9916978478431702;0.008374512195587158;-0.12831714749336243;-0.012402340769767761;0.9869958162307739;0.16026683151721954;0.12799064815044403;0.16052769124507904;-0.9786977171897888;1.0;-0.0038841029163450003;0.09315651655197144;0.9349461793899536;0.17986705899238586;0.2152700275182724;-0.9598472118377686;0.8827300071716309;0;0.0;1.0;0;TRUE;1.0;TRUE;1.0;0.00983692891895771;0.8953638076782227;0.009704658761620522;0.8658327460289001;0;2;TRUE
1737631800319;304008;FALSE;FALSE;FALSE;FALSE;FALSE;FALSE;FALSE;FALSE;FALSE;FALSE;FALSE;FALSE;FALSE;FALSE;5161860125000;2;-0.00610270956531167;0.08977311849594116;0.9393857717514038;-0.9924886226654053;0.009419437497854233;-0.12197387963533401;-0.010173686780035496;0.9872228503227234;0.1590205430984497;0.12191329151391983;0.15906699001789093;-0.9797115921974182;1.0;-0.004951197188347578;0.09289630502462387;0.9340755343437195;0.17073825001716614;0.18162885308265686;-0.9684314131736755;0.8556419610977173;0;0.0;1.0;0;TRUE;1.0;TRUE;1.0;0.009724972769618034;0.893919825553894;0.009709631092846394;0.867792010307312;0;2;TRUE
1737631800337;304009;FALSE;FALSE;FALSE;FALSE;FALSE;FALSE;FALSE;FALSE;FALSE;FALSE;FALSE;FALSE;FALSE;FALSE;5161876802000;2;-0.006246981676667929;0.09000594913959503;0.9395382404327393;-0.992599368095398;0.007325052283704281;-0.1212138906121254;-0.012453180737793446;0.9867763519287109;0.16160860657691956;0.12079479545354843;0.16192209720611572;-0.9793823957443237;1.0;-0.006151334848254919;0.09281694144010544;0.9335336685180664;0.1609412431716919;0.1605793535709381;-0.9738132357597351;0.8560704588890076;0;0.0;1.0;0;TRUE;1.0;TRUE;1.0;0.009617626667022705;0.8928651809692383;0.009824633598327637;0.8696013689041138;0;2;TRUE
1737631800352;304010;FALSE;FALSE;FALSE;FALSE;FALSE;FALSE;FALSE;FALSE;FALSE;FALSE;FALSE;FALSE;FALSE;FALSE;5161893488000;2;-0.006369259674102068;0.09011855721473694;0.9393821954727173;-0.9926181435585022;0.004205577075481415;-0.121208555996418;-0.015311992727220058;0.9870560765266418;0.1596430391073227;0.12031102925539017;0.16032052040100098;-0.9797053337097168;1.0;-0.0058661834336817265;0.09282746911048889;0.9334850907325745;0.15610261261463165;0.1560714691877365;-0.9753326177597046;0.8728454113006592;0;0.0;1.0;0;TRUE;1.0;TRUE;1.0;0.009538719430565834;0.8920460343360901;0.009974864311516285;0.8710864186286926;0;2;TRUE
1737631800370;304011;FALSE;FALSE;FALSE;FALSE;FALSE;FALSE;FALSE;FALSE;FALSE;FALSE;FALSE;FALSE;FALSE;FALSE;5161910170000;2;-0.006351220887154341;0.09022925049066544;0.9394187331199646;-0.9930948615074158;0.00872850976884365;-0.11698883026838303;-0.01022192183881998;0.9869973063468933;0.1604115068912506;0.11686781048774719;0.1604996919631958;-0.9800927042961121;1.0;-0.005597264040261507;0.09285883605480194;0.9334444999694824;0.14959853887557983;0.1503245085477829;-0.9772526621818542;0.8832818865776062;0;0.0;1.0;0;TRUE;1.0;TRUE;1.0;0.009491329081356525;0.8927456140518188;0.010254599153995514;0.8721446394920349;0;2;TRUE
1737631800379;304012;FALSE;FALSE;FALSE;FALSE;FALSE;FALSE;FALSE;FALSE;FALSE;FALSE;FALSE;FALSE;FALSE;FALSE;5161910170000;2;-0.006351220887154341;0.09022925049066544;0.9394187331199646;-0.9930948615074158;0.00872850976884365;-0.11698883026838303;-0.01022192183881998;0.9869973063468933;0.1604115068912506;0.11686781048774719;0.1604996919631958;-0.9800927042961121;1.0;-0.005597264040261507;0.09285883605480194;0.9334444999694824;0.14959853887557983;0.1503245085477829;-0.9772526621818542;0.8832818865776062;0;0.0;1.0;0;TRUE;1.0;TRUE;1.0;0.009491329081356525;0.8927456140518188;0.010254599153995514;0.8721446394920349;0;2;TRUE
1737631800406;304013;FALSE;FALSE;FALSE;FALSE;FALSE;FALSE;FALSE;FALSE;FALSE;FALSE;FALSE;FALSE;FALSE;FALSE;5161943547000;2;-0.006132469978183508;0.09004471451044083;0.9386348724365234;-0.9926149845123291;0.0014144973829388618;-0.12129927426576614;-0.01661616377532482;0.9889217019081116;0.1475052535533905;0.12016412615776062;0.1484314501285553;-0.981594979763031;1.0;-0.004697073251008987;0.0928645208477974;0.9331919550895691;0.13989987969398499;0.12349081039428711;-0.9824347496032715;0.9178697466850281;0;0.0;1.0;0;TRUE;1.0;TRUE;1.0;0.009530712850391865;0.8950245976448059;0.01006550993770361;0.8724639415740967;0;2;TRUE
1737631800419;304014;FALSE;FALSE;FALSE;FALSE;FALSE;FALSE;FALSE;FALSE;FALSE;FALSE;FALSE;FALSE;FALSE;FALSE;5161960223000;2;-0.005832452327013016;0.09002919495105743;0.9384369254112244;-0.9923650622367859;0.0018819308606907725;-0.12332098931074142;-0.016045691445469856;0.98941570520401;0.14421872794628143;0.12228713929653168;0.14509639143943787;-0.9818313717842102;1.0;-0.0044188182801008224;0.09280721843242645;0.932965099811554;0.13816674053668976;0.11014105379581451;-0.9842656850814819;0.9304608106613159;0;0.0;1.0;0;TRUE;1.0;TRUE;1.0;0.009646288119256496;0.8964171409606934;0.009710278362035751;0.8718003034591675;0;2;TRUE
1737631800435;304015;FALSE;FALSE;FALSE;FALSE;FALSE;FALSE;FALSE;FALSE;FALSE;FALSE;FALSE;FALSE;FALSE;FALSE;5161976910000;2;-0.005472616292536259;0.08984917402267456;0.9379137754440308;-0.9917845129966736;-0.001235310104675591;-0.12791390717029572;-0.018805336207151413;0.9904970526695251;0.13624218106269836;0.12653005123138428;0.13752835988998413;-0.9823828935623169;1.0;-0.004184782039374113;0.09274359792470932;0.9326738119125366;0.1327223777770996;0.09884250909090042;-0.986212432384491;0.9424014687538147;0;0.0;1.0;0;TRUE;1.0;TRUE;1.0;0.00971039105206728;0.8974260091781616;0.009158738888800144;0.8712058067321777;0;2;TRUE
1737631800452;304016;FALSE;FALSE;FALSE;FALSE;FALSE;FALSE;FALSE;FALSE;FALSE;FALSE;FALSE;FALSE;FALSE;FALSE;5161993592000;2;-0.005230946931988001;0.09005296975374222;0.9378149509429932;-0.9916308522224426;0.0007607645238749683;-0.12910345196723938;-0.016942188143730164;0.9905682802200317;0.13596835732460022;0.12798923254013062;0.13701771199703217;-0.9822651743888855;1.0;-0.004252145532518625;0.09275836497545242;0.9324004650115967;0.12761512398719788;0.09961153566837311;-0.9868089556694031;0.9426849484443665;0;0.0;1.0;0;TRUE;1.0;TRUE;1.0;0.009745258837938309;0.9236372709274292;0.009160906076431274;0.8710429072380066;0;2;TRUE
1737631800469;304017;FALSE;FALSE;FALSE;FALSE;FALSE;TRUE;FALSE;FALSE;FALSE;FALSE;FALSE;FALSE;FALSE;FALSE;5162010274000;2;-0.005182859022170305;0.08991145342588425;0.9375364780426025;-0.9912548661231995;-0.0037318910472095013;-0.1319083869457245;-0.021277951076626778;0.9910399913787842;0.13185985386371613;0.13023439049720764;0.1335134655237198;-0.9824526309967041;1.0;-0.004140392877161503;0.09281724691390991;0.9321381449699402;0.12301598489284515;0.09905992448329926;-0.9874483346939087;0.9391998648643494;0;0.0;1.0;0;TRUE;1.0;TRUE;1.0;0.009844508022069931;0.9493396878242493;0.009368257597088814;0.8710930943489075;0;2;TRUE
1737631800486;304018;FALSE;FALSE;FALSE;FALSE;FALSE;TRUE;FALSE;FALSE;FALSE;FALSE;FALSE;FALSE;FALSE;FALSE;5162026960000;2;-0.004755751229822636;0.0897679328918457;0.9373376965522766;-0.9911201000213623;0.001985216047614813;-0.13295488059520721;-0.015357019379734993;0.9914886355400085;0.12928423285484314;0.13207991421222687;0.13017798960208893;-0.9826538562774658;1.0;-0.003912365064024925;0.09279319643974304;0.9318761229515076;0.11856098473072052;0.09549400955438614;-0.9883441925048828;0.935697615146637;0;0.0;1.0;0;TRUE;1.0;TRUE;1.0;0.009915012866258621;0.9748414754867554;0.009326325729489326;0.8710319995880127;0;2;TRUE
1737631800497;304019;FALSE;FALSE;FALSE;FALSE;FALSE;TRUE;FALSE;FALSE;FALSE;FALSE;FALSE;FALSE;FALSE;FALSE;5162026960000;2;-0.004755751229822636;0.0897679328918457;0.9373376965522766;-0.9911201000213623;0.001985216047614813;-0.13295488059520721;-0.015357019379734993;0.9914886355400085;0.12928423285484314;0.13207991421222687;0.13017798960208893;-0.9826538562774658;1.0;-0.003912365064024925;0.09279319643974304;0.9318761229515076;0.11856098473072052;0.09549400955438614;-0.9883441925048828;0.935697615146637;0;0.0;1.0;0;TRUE;1.0;TRUE;1.0;0.009915012866258621;0.9748414754867554;0.009326325729489326;0.8710319995880127;0;2;TRUE
1737631800525;304020;FALSE;FALSE;FALSE;FALSE;FALSE;TRUE;FALSE;FALSE;FALSE;FALSE;FALSE;FALSE;FALSE;FALSE;5162060328000;2;-0.0041162604466080666;0.08963216096162796;0.9371315240859985;-0.9903976917266846;0.003187730675563216;-0.13821099698543549;-0.01449069194495678;0.9918334484100342;0.1267138421535492;0.13748621940612793;0.12749986350536346;-0.9822633862495422;1.0;-0.0035041815135627985;0.09257073700428009;0.9314769506454468;0.11386395990848541;0.09117911756038666;-0.989303469657898;0.9425179362297058;0;0.0;1.0;0;TRUE;1.0;TRUE;1.0;0.00992408487945795;1.0;0.009510966017842293;0.8690789341926575;0;2;TRUE
1737631800535;304021;FALSE;FALSE;FALSE;FALSE;FALSE;TRUE;FALSE;FALSE;FALSE;FALSE;FALSE;FALSE;FALSE;FALSE;5162077009000;2;-0.003534151939675212;0.08953087776899338;0.9368257522583008;-0.9891144633293152;0.0033107977360486984;-0.1471107453107834;-0.014869156293570995;0.9923807382583618;0.12230833619832993;0.14639480412006378;0.1231643557548523;-0.9815289378166199;1.0;-0.0030720094218850136;0.09245544672012329;0.9312276244163513;0.1171376183629036;0.09368865936994553;-0.9886866211891174;0.9444836378097534;0;0.0;1.0;0;TRUE;1.0;TRUE;1.0;0.01003134623169899;1.0;0.009475894272327423;0.867141604423523;0;2;TRUE
1737631800552;304022;FALSE;FALSE;FALSE;FALSE;FALSE;TRUE;FALSE;FALSE;FALSE;FALSE;FALSE;FALSE;FALSE;FALSE;5162093703000;2;-0.003448166884481907;0.08971074223518372;0.9371126294136047;-0.9882280230522156;0.0005553853698074818;-0.15298698842525482;-0.01932750828564167;0.9915280938148499;0.12844665348529816;0.1517622172832489;0.12989144027233124;-0.9798451066017151;1.0;-0.002545616589486599;0.09239161014556885;0.9311550855636597;0.1224556639790535;0.100401371717453;-0.9873824715614319;0.9497974514961243;0;0.0;1.0;0;TRUE;1.0;TRUE;1.0;0.010148690082132816;1.0;0.00970996543765068;0.8658446073532104;0;2;TRUE
1737631800568;304023;FALSE;FALSE;FALSE;FALSE;FALSE;TRUE;FALSE;FALSE;FALSE;FALSE;FALSE;FALSE;FALSE;FALSE;5162110379000;2;-0.003141507040709257;0.08984589576721191;0.9375162720680237;-0.9873736500740051;0.002913895295932889;-0.1583816558122635;-0.018773667514324188;0.9906318187713623;0.13526327908039093;0.15729205310344696;0.13652880489826202;-0.9780690670013428;1.0;-0.002327270805835724;0.09241156280040741;0.9311551451683044;0.12668582797050476;0.10697431862354279;-0.9861577749252319;0.9534635543823242;0;0.0;1.0;0;TRUE;1.0;TRUE;1.0;0.010306213982403278;1.0;0.010200085118412971;0.8649682998657227;0;2;TRUE
1737631800586;304024;FALSE;FALSE;FALSE;FALSE;FALSE;TRUE;FALSE;FALSE;FALSE;FALSE;FALSE;FALSE;FALSE;FALSE;5162127063000;2;-0.0030923287849873304;0.0898926630616188;0.9379286766052246;-0.9874764680862427;0.006011816672980785;-0.15765191614627838;-0.016710150986909866;0.9896672964096069;0.14240600168704987;0.15687905251979828;0.14325696229934692;-0.9771726727485657;1.0;-0.002332802629098296;0.09241736680269241;0.9311841130256653;0.12835551798343658;0.10975965857505798;-0.9856356978416443;0.9517884254455566;0;0.0;1.0;0;TRUE;1.0;TRUE;1.0;0.010173752903938293;1.0;0.010235131718218327;0.8651937246322632;0;2;TRUE
1737631800602;304025;FALSE;FALSE;FALSE;FALSE;FALSE;TRUE;FALSE;FALSE;FALSE;FALSE;FALSE;FALSE;FALSE;FALSE;5162143747000;2;-0.0028308480978012085;0.08983909338712692;0.9383589029312134;-0.9871102571487427;0.010754897259175777;-0.15967974066734314;-0.013237213715910912;0.9888342022895813;0.14843085408210754;0.15949314832687378;0.14863133430480957;-0.9759460091590881;1.0;-0.0022767772898077965;0.09237191826105118;0.9313096404075623;0.13274748623371124;0.11113603413105011;-0.9848994016647339;0.9485440254211426;0;0.0;1.0;0;TRUE;1.0;TRUE;1.0;0.010062855668365955;1.0;0.010315974242985249;0.8672624230384827;0;2;TRUE
1737631800619;304026;FALSE;FALSE;FALSE;FALSE;FALSE;TRUE;FALSE;FALSE;FALSE;FALSE;FALSE;FALSE;FALSE;FALSE;5162160432000;2;-0.0026435106992721558;0.08968173712491989;0.9387090802192688;-0.9868136644363403;0.014043192379176617;-0.1612500548362732;-0.010849331505596638;0.9882498383522034;0.15246166288852692;0.1614963859319687;0.15220071375370026;-0.975066065788269;1.0;-0.002122332341969013;0.09213285893201828;0.9316253662109375;0.14030906558036804;0.11108189076185226;-0.9838567972183228;0.9462831616401672;0;0.0;1.0;0;TRUE;1.0;TRUE;1.0;0.00968609843403101;1.0;0.010428432375192642;0.8702458143234253;0;2;TRUE
1737631800636;304027;FALSE;FALSE;FALSE;FALSE;FALSE;TRUE;FALSE;FALSE;FALSE;FALSE;FALSE;FALSE;FALSE;FALSE;5162177120000;2;-0.002656534081324935;0.0895347073674202;0.9391084909439087;-0.9867106676101685;0.01444279309362173;-0.16184382140636444;-0.011309315450489521;0.9875219464302063;0.15707488358020782;0.162092924118042;0.15681780874729156;-0.9742351174354553;1.0;-0.00017701795150060207;0.09163626283407211;0.9325798749923706;0.14260932803153992;0.11104211956262589;-0.9835304617881775;0.8998921513557434;0;0.0;1.0;0;TRUE;1.0;TRUE;1.0;0.00954754464328289;1.0;0.010086779482662678;0.8746238946914673;0;2;TRUE
1737631800654;304028;FALSE;FALSE;FALSE;FALSE;FALSE;TRUE;FALSE;FALSE;FALSE;FALSE;FALSE;FALSE;FALSE;FALSE;5162193801000;2;-0.002827801974490285;0.08937183767557144;0.9396687746047974;-0.9873020648956299;0.010586218908429146;-0.15850086510181427;-0.015674244612455368;0.9864159226417542;0.1635172814130783;0.15807880461215973;0.16392533481121063;-0.9737246036529541;1.0;-0.0009179369662888348;0.09138816595077515;0.9328171610832214;0.14145079255104065;0.11117234826087952;-0.9836830496788025;0.8510720729827881;0;0.0;1.0;0;TRUE;1.0;TRUE;1.0;0.009411401115357876;1.0;0.010072392411530018;0.8797321319580078;0;2;TRUE
1737631800670;304029;FALSE;FALSE;FALSE;FALSE;FALSE;TRUE;FALSE;FALSE;FALSE;FALSE;FALSE;FALSE;FALSE;FALSE;5162210484000;2;-0.0029511551838368177;0.08926067501306534;0.9401249885559082;-0.9876312613487244;0.008573712781071663;-0.15655997395515442;-0.018176579847931862;0.9855112433433533;0.16863346099853516;0.15573741495609283;0.169393390417099;-0.9731658101081848;1.0;0.0015661373035982251;0.09090036898851395;0.933908224105835;0.14450402557849884;0.10339973121881485;-0.9840869307518005;0.7407814264297485;0;0.0;1.0;0;TRUE;1.0;TRUE;1.0;0.009265500120818615;1.0;0.010136709548532963;0.884768545627594;0;2;TRUE
1737631800686;304030;FALSE;FALSE;FALSE;FALSE;FALSE;TRUE;FALSE;FALSE;FALSE;FALSE;FALSE;FALSE;FALSE;FALSE;5162227174000;2;-0.0029310372192412615;0.08930927515029907;0.9404368996620178;-0.9880443811416626;0.012443325482308865;-0.15366683900356293;-0.014522707089781761;0.9847932457923889;0.17312246561050415;0.1534842848777771;0.17328433692455292;-0.9728386998176575;1.0;-0.0007244766457006335;0.09049875289201736;0.9340252876281738;0.14074549078941345;0.09304571151733398;-0.9856638312339783;0.6254921555519104;0;0.0;1.0;0;TRUE;1.0;TRUE;1.0;0.009304933249950409;1.0;0.009973723441362381;0.8897350430488586;0;2;TRUE
1737631800702;304031;FALSE;FALSE;FALSE;FALSE;FALSE;TRUE;FALSE;FALSE;FALSE;FALSE;FALSE;FALSE;FALSE;FALSE;5162243852000;2;-0.00293498276732862;0.08909610658884048;0.9403201341629028;-0.987845242023468;0.009432004764676094;-0.15515431761741638;-0.01732347346842289;0.9852588176727295;0.17019104957580566;0.15447239577770233;0.17081022262573242;-0.9731197953224182;1.0;0.00391748733818531;0.0900435820221901;0.9351009726524353;0.1492689847946167;0.06226137652993202;-0.9868344664573669;0.48866915702819824;0;0.0;1.0;0;TRUE;1.0;TRUE;1.0;0.009185470640659332;1.0;0.00999187771230936;0.894204318523407;0;2;TRUE
1737631800719;304032;FALSE;FALSE;FALSE;FALSE;FALSE;TRUE;FALSE;FALSE;FALSE;FALSE;FALSE;FALSE;FALSE;FALSE;5162260537000;2;-0.002824021503329277;0.08912471681833267;0.9405749440193176;-0.9878783226013184;0.012298165820538998;-0.15474224090576172;-0.014904609881341457;0.9847363233566284;0.1734135001897812;0.15451297163963318;0.17361781001091003;-0.9726163744926453;1.0;0.003781441133469343;0.08991673588752747;0.9351328015327454;0.15322574973106384;0.05144108831882477;-0.9868513941764832;0.46482405066490173;0;0.0;1.0;0;TRUE;1.0;TRUE;1.0;0.009296823292970657;1.0;0.009988941252231598;0.9223703145980835;0;2;TRUE
1737631800735;304033;FALSE;FALSE;FALSE;FALSE;FALSE;TRUE;FALSE;FALSE;FALSE;FALSE;FALSE;FALSE;FALSE;FALSE;5162277220000;2;-0.002975997282192111;0.08915487676858902;0.9406802654266357;-0.9879499077796936;0.01217707060277462;-0.1542942374944687;-0.01520039513707161;0.9844471216201782;0.1750221699476242;0.15402577817440033;0.17525845766067505;-0.9723993539810181;1.0;0.0038328911177814007;0.0897909551858902;0.9351929426193237;0.15667909383773804;0.036204200237989426;-0.9869858026504517;0.44577616453170776;0;0.0;1.0;0;TRUE;1.0;TRUE;1.0;0.00928823184221983;1.0;0.009975908324122429;0.9492229223251343;0;2;TRUE
1737631800752;304034;FALSE;FALSE;FALSE;FALSE;FALSE;TRUE;FALSE;FALSE;FALSE;FALSE;FALSE;FALSE;FALSE;FALSE;5162293907000;2;-0.0031496172305196524;0.08932667225599289;0.9407540559768677;-0.9877414107322693;0.010109607130289078;-0.1557713747024536;-0.017727257683873177;0.9841801524162292;0.17628157138824463;0.15508922934532166;0.17688199877738953;-0.9719362854957581;1.0;-0.00031693457276560366;0.08930125087499619;0.9347772002220154;0.15674839913845062;-0.04246015101671219;-0.9867254495620728;0.3335636258125305;0;0.0;1.0;0;TRUE;1.0;TRUE;1.0;0.00931690912693739;1.0;0.009989939630031586;0.9749917387962341;0;2;TRUE
1737631800771;304035;FALSE;FALSE;FALSE;FALSE;FALSE;TRUE;FALSE;FALSE;FALSE;FALSE;FALSE;FALSE;FALSE;FALSE;5162310588000;2;-0.003186939749866724;0.08952520787715912;0.9408479928970337;-0.9875243306159973;0.011926415376365185;-0.15701402723789215;-0.01644884981215;0.9838594794273376;0.1781850904226303;0.1566048562526703;0.1785448044538498;-0.9713890552520752;1.0;8.926064765546471e-05;0.08920537680387497;0.9348677396774292;0.16368140280246735;-0.06424862146377563;-0.9844188690185547;0.3071860373020172;0;0.0;1.0;0;TRUE;1.0;TRUE;1.0;0.009466305375099182;1.0;0.009883405640721321;1.0;0;2;TRUE
1737631800785;304036;FALSE;FALSE;FALSE;FALSE;FALSE;TRUE;FALSE;FALSE;FALSE;FALSE;FALSE;FALSE;FALSE;FALSE;5162327272000;2;-0.003133281832560897;0.08962234854698181;0.9410624504089355;-0.9874792098999023;0.01436090748757124;-0.15709400177001953;-0.014536294154822826;0.9833267331123352;0.1812656968832016;0.1570778638124466;0.18127967417240143;-0.9708059430122375;1.0;-0.006382836494594812;0.08884058892726898;0.933998703956604;0.17385075986385345;-0.14243881404399872;-0.9744162559509277;0.2112133800983429;0;0.0;1.0;0;TRUE;1.0;TRUE;1.0;0.009522400796413422;1.0;0.009672990068793297;1.0;0;2;TRUE
1737631800803;304037;FALSE;FALSE;FALSE;FALSE;FALSE;TRUE;FALSE;FALSE;FALSE;FALSE;FALSE;FALSE;FALSE;FALSE;5162343958000;2;-0.0030805477872490883;0.08963798731565475;0.9411775469779968;-0.9871067404747009;0.014985566027462482;-0.15936040878295898;-0.014535140246152878;0.9831021428108215;0.18247993290424347;0.15940211713314056;0.1824434995651245;-0.9702088832855225;1.0;-0.01654106192290783;0.0889461562037468;0.9323974251747131;0.19245067238807678;-0.20403516292572021;-0.959860622882843;0.28186479210853577;0;0.0;1.0;0;TRUE;1.0;TRUE;1.0;0.009540999308228493;1.0;0.009669456630945206;1.0;0;2;TRUE
1737631800819;304038;FALSE;FALSE;FALSE;FALSE;FALSE;TRUE;FALSE;FALSE;FALSE;FALSE;FALSE;FALSE;FALSE;FALSE;5162360640000;2;-0.003160504624247551;0.08975598961114883;0.9412131309509277;-0.9872419238090515;0.016706101596355438;-0.1583484560251236;-0.012787018902599812;0.9829504489898682;0.18342554569244385;0.15871299803256989;0.18311019241809845;-0.9701963067054749;1.0;-0.00018184508371632546;0.0896201878786087;0.9348607063293457;0.15784886479377747;-0.2169961929321289;-0.9633256793022156;0.37872570753097534;0;0.0;1.0;0;TRUE;1.0;TRUE;1.0;0.009551327675580978;1.0;0.009586699306964874;1.0;0;2;TRUE
1737631800835;304039;FALSE;FALSE;FALSE;FALSE;FALSE;TRUE;FALSE;FALSE;FALSE;FALSE;FALSE;FALSE;FALSE;FALSE;5162377324000;2;-0.0034285769797861576;0.08982542902231216;0.9412720799446106;-0.986748218536377;0.010247355327010155;-0.1619350165128708;-0.0199724230915308;0.9827438592910767;0.18389029800891876;0.1610250324010849;0.18468765914440155;-0.9695160388946533;1.0;0.0012817422393709421;0.08962404727935791;0.9350671768188477;0.16317887604236603;-0.2294004261493683;-0.9595562219619751;0.3701919615268707;0;0.0;1.0;0;TRUE;1.0;TRUE;1.0;0.009456644766032696;1.0;0.009535303339362144;1.0;0;2;TRUE
1737631800852;304040;FALSE;FALSE;FALSE;FALSE;FALSE;TRUE;FALSE;FALSE;FALSE;FALSE;FALSE;FALSE;FALSE;FALSE;5162394012000;2;-0.003428725292906165;0.09000904858112335;0.9417868852615356;-0.9874393939971924;0.013775474391877651;-0.15739643573760986;-0.016776354983448982;0.9814189076423645;0.1911424845457077;0.15710490942001343;0.19138215482234955;-0.9688606262207031;1.0;0.0006443349411711097;0.08965728431940079;0.9350349307060242;0.16135220229625702;-0.24280904233455658;-0.9565611481666565;0.35128602385520935;0;0.0;1.0;0;TRUE;1.0;TRUE;1.0;0.009495412930846214;1.0;0.009760486893355846;1.0;0;2;TRUE
1737631800869;304041;FALSE;FALSE;FALSE;FALSE;FALSE;TRUE;FALSE;FALSE;FALSE;FALSE;FALSE;FALSE;FALSE;FALSE;5162410694000;2;-0.0035244354512542486;0.09009536355733871;0.9420872330665588;-0.9876808524131775;0.013509660959243774;-0.15589754283428192;-0.017342565581202507;0.9806785583496094;0.19485589861869812;0.1555178016424179;0.19515909254550934;-0.9683631062507629;1.0;-0.000265709386439994;0.08980419486761093;0.9350957274436951;0.165693461894989;-0.2572057247161865;-0.9520456194877625;0.33840012550354004;0;0.0;1.0;0;TRUE;1.0;TRUE;1.0;0.009637773036956787;1.0;0.00970215629786253;1.0;0;2;TRUE
1737631800885;304042;FALSE;FALSE;FALSE;FALSE;FALSE;TRUE;FALSE;FALSE;FALSE;FALSE;FALSE;FALSE;FALSE;FALSE;5162427377000;2;-0.00362903019413352;0.09004891663789749;0.942315399646759;-0.9874164462089539;0.010045940056443214;-0.1578221172094345;-0.02146269753575325;0.980233371257782;0.19667702913284302;0.15667831897735596;0.1975894272327423;-0.967682957649231;1.0;-0.004185129422694445;0.08990252763032913;0.9348742365837097;0.17834880948066711;-0.2885068655014038;-0.9407207369804382;0.3000868558883667;0;0.0;1.0;0;TRUE;1.0;TRUE;1.0;0.009596386924386024;1.0;0.009613564237952232;1.0;0;2;TRUE
1737631800904;304043;FALSE;FALSE;FALSE;FALSE;FALSE;TRUE;FALSE;FALSE;FALSE;FALSE;FALSE;FALSE;FALSE;FALSE;5162444060000;2;-0.0037565368693321943;0.09013499319553375;0.9426261186599731;-0.9877685904502869;0.010834961198270321;-0.15555019676685333;-0.020849177613854408;0.9794473052024841;0.20061971247196198;0.15452693402767181;0.20140895247459412;-0.9672413468360901;1.0;-0.008606983348727226;0.09003600478172302;0.934561550617218;0.19051331281661987;-0.2955934405326843;-0.9361245632171631;0.3310132920742035;0;0.0;1.0;0;TRUE;1.0;TRUE;1.0;0.009654867462813854;1.0;0.009700633585453033;1.0;0;2;TRUE
1737631800919;304044;FALSE;FALSE;FALSE;FALSE;FALSE;TRUE;FALSE;FALSE;FALSE;FALSE;FALSE;FALSE;FALSE;FALSE;5162460745000;2;-0.003585460130125284;0.08989935368299484;0.9424291849136353;-0.987573504447937;0.01306913886219263;-0.1566135585308075;-0.01828751526772976;0.9802099466323853;0.1971142590045929;0.15609028935432434;0.1975288838148117;-0.9677903652191162;1.0;0.003427080111578107;0.0905875563621521;0.936505138874054;0.15549126267433167;-0.26259759068489075;-0.9522945880889893;0.528272807598114;0;0.0;1.0;0;TRUE;1.0;TRUE;1.0;0.009478685446083546;1.0;0.00950591079890728;1.0;0;2;TRUE
1737631800936;304045;FALSE;FALSE;FALSE;FALSE;FALSE;TRUE;FALSE;FALSE;FALSE;FALSE;FALSE;FALSE;FALSE;FALSE;5162477431000;2;-0.0034141214564442635;0.08989410847425461;0.9423235058784485;-0.9871202707290649;0.013760901056230068;-0.15938697755336761;-0.017902150750160217;0.9805347323417664;0.19552800059318542;0.15897510945796967;0.1958630234003067;-0.9676593542098999;1.0;0.008544296026229858;0.09068909287452698;0.9371528029441833;0.14268381893634796;-0.27055102586746216;-0.9520732760429382;0.5238050818443298;0;0.0;1.0;0;TRUE;1.0;TRUE;1.0;0.009299459867179394;1.0;0.009376772679388523;1.0;0;2;TRUE
1737631800952;304046;FALSE;FALSE;FALSE;FALSE;FALSE;TRUE;FALSE;FALSE;FALSE;FALSE;FALSE;FALSE;FALSE;FALSE;5162494115000;2;-0.0036155511625111103;0.08994785696268082;0.942579448223114;-0.9877617955207825;0.012572928331792355;-0.15546230971813202;-0.018796248361468315;0.979885458946228;0.1986735314130783;0.15483316779136658;0.1991642266511917;-0.9676570892333984;1.0;0.008438121527433395;0.09069444239139557;0.9371355772018433;0.14358873665332794;-0.27115511894226074;-0.9517652988433838;0.5121786594390869;0;0.0;1.0;0;TRUE;1.0;TRUE;1.0;0.009379154071211815;1.0;0.009314845316112041;1.0;0;2;TRUE
1737631800969;304047;FALSE;FALSE;FALSE;FALSE;FALSE;TRUE;FALSE;FALSE;FALSE;FALSE;FALSE;FALSE;FALSE;FALSE;5162510799000;2;-0.003572136629372835;0.08975639194250107;0.9423307776451111;-0.9876189231872559;0.011081748642027378;-0.15648038685321808;-0.019759751856327057;0.9807689189910889;0.19416962563991547;0.15562283992767334;0.1948576122522354;-0.9684069752693176;1.0;-0.009209737181663513;0.09056169539690018;0.9344134330749512;0.17282335460186005;-0.2426539808511734;-0.9545947313308716;0.7121893763542175;0;0.0;1.0;0;TRUE;1.0;TRUE;1.0;0.009385466575622559;1.0;0.009226356633007526;1.0;0;2;TRUE
1737631800985;304048;FALSE;FALSE;FALSE;FALSE;FALSE;TRUE;FALSE;FALSE;FALSE;FALSE;FALSE;FALSE;FALSE;FALSE;5162527481000;2;-0.003613661741837859;0.08979344367980957;0.9423171281814575;-0.9871283769607544;0.008142843842506409;-0.15972250699996948;-0.023174205794930458;0.9808799028396606;0.1932293027639389;0.15824203193187714;0.19444356858730316;-0.9680656790733337;1.0;-0.0033647434320300817;0.09066527336835861;0.9353172183036804;0.1653180718421936;-0.23191726207733154;-0.9585845470428467;0.8227093815803528;0;0.0;1.0;0;TRUE;1.0;TRUE;1.0;0.00960200559347868;1.0;0.00923125445842743;1.0;0;2;TRUE
1737631801002;304049;FALSE;FALSE;FALSE;FALSE;FALSE;TRUE;FALSE;FALSE;FALSE;FALSE;FALSE;FALSE;FALSE;FALSE;5162544166000;2;-0.003598200622946024;0.08994781225919724;0.942700207233429;-0.987263023853302;0.011225231923162937;-0.1586999148130417;-0.020717062056064606;0.9799439311027527;0.1981934905052185;0.15774178504943848;0.1989569067955017;-0.9672299027442932;1.0;-0.0027795652858912945;0.0906660184264183;0.935470700263977;0.16622596979141235;-0.2299623340368271;-0.9588984847068787;0.8301497101783752;0;0.0;1.0;0;TRUE;1.0;TRUE;1.0;0.009669587947428226;1.0;0.009308503940701485;1.0;0;2;TRUE
1737631801019;304050;FALSE;FALSE;FALSE;FALSE;FALSE;TRUE;FALSE;FALSE;FALSE;FALSE;FALSE;FALSE;FALSE;FALSE;5162560850000;2;-0.00360119785182178;0.08986729383468628;0.9426997900009155;-0.9877449870109558;0.01275848038494587;-0.15555408596992493;-0.018465576693415642;0.9801005125045776;0.197641059756279;0.15498024225234985;0.19809135794639587;-0.9678537845611572;1.0;-0.0024750179145485163;0.09064289182424545;0.9355900287628174;0.16701078414916992;-0.22800257802009583;-0.9592300057411194;0.8329589366912842;0;0.0;1.0;0;TRUE;1.0;TRUE;1.0;0.00957312062382698;1.0;0.00936476606875658;1.0;0;2;TRUE
1737631801037;304051;FALSE;FALSE;FALSE;FALSE;FALSE;TRUE;FALSE;FALSE;FALSE;FALSE;FALSE;FALSE;FALSE;FALSE;5162577533000;2;-0.003522695740684867;0.08976093679666519;0.9426867961883545;-0.9878072738647461;0.012022853828966618;-0.15521688759326935;-0.018925417214632034;0.9803455471992493;0.1963782161474228;0.1545272171497345;0.19692137837409973;-0.9681649208068848;1.0;-0.0020672560203820467;0.0905986949801445;0.9357765913009644;0.15201221406459808;-0.22206661105155945;-0.9631088972091675;0.8306123614311218;0;0.0;1.0;0;TRUE;1.0;TRUE;1.0;0.009495168924331665;1.0;0.009382111951708794;1.0;0;2;TRUE
1737631801053;304052;FALSE;FALSE;FALSE;FALSE;FALSE;TRUE;FALSE;FALSE;FALSE;FALSE;FALSE;FALSE;FALSE;FALSE;5162594219000;2;-0.003461155341938138;0.08975744247436523;0.9426820278167725;-0.9878350496292114;0.012609491124749184;-0.15499326586723328;-0.01821819320321083;0.9804591536521912;0.1958772987127304;0.15443448722362518;0.1963181495666504;-0.9683021903038025;1.0;-0.002184751210734248;0.09055902808904648;0.9358075857162476;0.14598187804222107;-0.21989460289478302;-0.964539110660553;0.8220779895782471;0;0.0;1.0;0;TRUE;1.0;TRUE;1.0;0.009384351782500744;1.0;0.009442465379834175;1.0;0;2;TRUE
1737631801069;304053;FALSE;FALSE;FALSE;FALSE;FALSE;TRUE;FALSE;FALSE;FALSE;FALSE;FALSE;FALSE;FALSE;FALSE;5162610903000;2;-0.0034047430381178856;0.08981110900640488;0.9427928328514099;-0.9880083203315735;0.01223983708769083;-0.15391477942466736;-0.01844131015241146;0.9803624153137207;0.19634011387825012;0.15329542756080627;0.19682404398918152;-0.9683805108070374;1.0;-0.00280384230427444;0.09047427773475647;0.9358710050582886;0.12530645728111267;-0.20882171392440796;-0.969892680644989;0.8170477747917175;0;0.0;1.0;0;TRUE;1.0;TRUE;1.0;0.009373515844345093;1.0;0.0095100412145257;1.0;0;2;TRUE
1737631801086;304054;FALSE;FALSE;FALSE;FALSE;FALSE;TRUE;FALSE;FALSE;FALSE;FALSE;FALSE;FALSE;FALSE;FALSE;5162627586000;2;-0.003216970944777131;0.08977008610963821;0.9426524639129639;-0.9879068732261658;0.013257317245006561;-0.15448051691055298;-0.017064101994037628;0.9809888005256653;0.19331255555152893;0.15410646796226501;0.19361087679862976;-0.9688993692398071;1.0;-0.0029239521827548742;0.09043564647436142;0.9359024167060852;0.11795522272586823;-0.2051345705986023;-0.9715998768806458;0.8169856071472168;0;0.0;1.0;0;TRUE;1.0;TRUE;1.0;0.009419891983270645;1.0;0.009637104347348213;1.0;0;2;TRUE
1737631801103;304055;FALSE;FALSE;FALSE;FALSE;FALSE;TRUE;FALSE;FALSE;FALSE;FALSE;FALSE;FALSE;FALSE;FALSE;5162644271000;2;-0.003143506357446313;0.08963368088006973;0.9424100518226624;-0.9877263903617859;0.011773623526096344;-0.15574952960014343;-0.01799769140779972;0.9819341897964478;0.18836472928524017;0.1551535278558731;0.18885596096515656;-0.9696704745292664;1.0;-0.0028067822568118572;0.09039504826068878;0.9359481334686279;0.10195069015026093;-0.19974929094314575;-0.9745287299156189;0.8107200860977173;0;0.0;1.0;0;TRUE;1.0;TRUE;1.0;0.009471897035837173;1.0;0.00968407653272152;1.0;0;2;TRUE
1737631801113;304056;FALSE;FALSE;FALSE;FALSE;FALSE;TRUE;FALSE;FALSE;FALSE;FALSE;FALSE;FALSE;FALSE;FALSE;5162644271000;2;-0.003143506357446313;0.08963368088006973;0.9424100518226624;-0.9877263903617859;0.011773623526096344;-0.15574952960014343;-0.01799769140779972;0.9819341897964478;0.18836472928524017;0.1551535278558731;0.18885596096515656;-0.9696704745292664;1.0;-0.0028067822568118572;0.09039504826068878;0.9359481334686279;0.10195069015026093;-0.19974929094314575;-0.9745287299156189;0.8107200860977173;0;0.0;1.0;0;TRUE;1.0;TRUE;1.0;0.009471897035837173;1.0;0.00968407653272152;1.0;0;2;TRUE
1737631801141;304057;FALSE;FALSE;FALSE;FALSE;FALSE;TRUE;FALSE;FALSE;FALSE;FALSE;FALSE;FALSE;FALSE;FALSE;5162677638000;2;-0.0029558914247900248;0.08945666253566742;0.9422155618667603;-0.9877844452857971;0.01558317244052887;-0.15504521131515503;-0.013226347975432873;0.9830119609832764;0.18306419253349304;0.1552640199661255;0.18287865817546844;-0.9707978367805481;1.0;-0.004142920486629009;0.09022150933742523;0.9357982277870178;0.032959822565317154;-0.15508805215358734;-0.9873506426811218;0.694968044757843;0;0.0;1.0;0;TRUE;1.0;TRUE;1.0;0.009528468362987041;1.0;0.009657500311732292;1.0;0;2;TRUE
1737631801155;304058;FALSE;FALSE;FALSE;FALSE;FALSE;TRUE;FALSE;FALSE;FALSE;FALSE;FALSE;FALSE;FALSE;FALSE;5162694322000;2;-0.0029320172034204006;0.08956056088209152;0.9424214363098145;-0.9876517653465271;0.015911823138594627;-0.15585514903068542;-0.013387277722358704;0.9826183319091797;0.18515408039093018;0.15609227120876312;0.1849542260169983;-0.9702717065811157;1.0;-0.0041874609887599945;0.09022396802902222;0.9358064532279968;0.02951688878238201;-0.1480167955160141;-0.9885442852973938;0.6824849843978882;0;0.0;1.0;0;TRUE;1.0;TRUE;1.0;0.00970394629985094;1.0;0.009636431001126766;1.0;0;2;TRUE
1737631801170;304059;FALSE;FALSE;FALSE;FALSE;FALSE;TRUE;FALSE;FALSE;FALSE;FALSE;FALSE;FALSE;FALSE;FALSE;5162711012000;2;-0.0028374409303069115;0.08933019638061523;0.942105233669281;-0.9876154661178589;0.014723953790962696;-0.15620142221450806;-0.013600857928395271;0.9838041067123413;0.17873014509677887;0.15630321204662323;0.17864114046096802;-0.9714199304580688;1.0;-0.0022051772102713585;0.09030730277299881;0.9361751079559326;0.009589159861207008;-0.09825712442398071;-0.9951148629188538;0.5837633013725281;0;0.0;1.0;0;TRUE;1.0;TRUE;1.0;0.009755569510161877;1.0;0.009675843641161919;1.0;0;2;TRUE
1737631801185;304060;FALSE;FALSE;FALSE;FALSE;FALSE;TRUE;FALSE;FALSE;FALSE;FALSE;FALSE;FALSE;FALSE;FALSE;5162727691000;2;-0.0025871971156448126;0.08920629322528839;0.9420666098594666;-0.9876707196235657;0.02011570706963539;-0.1552477329969406;-0.007785850670188665;0.9841704368591309;0.17705342173576355;0.15635178983211517;0.17607922852039337;-0.9718797206878662;1.0;-0.0021330956369638443;0.0902879610657692;0.9361863136291504;0.007068283390253782;-0.08757220953702927;-0.9961330890655518;0.5685200691223145;0;0.0;1.0;0;TRUE;1.0;TRUE;1.0;0.009719830006361008;1.0;0.009535722434520721;1.0;0;2;TRUE
1737631801203;304061;FALSE;FALSE;FALSE;FALSE;FALSE;TRUE;FALSE;FALSE;FALSE;FALSE;FALSE;FALSE;FALSE;FALSE;5162744373000;2;-0.002603913191705942;0.08890070766210556;0.9420235753059387;-0.9880582690238953;0.020277800038456917;-0.15274052321910858;-0.006650649476796389;0.9847656488418579;0.17375946044921875;0.15393708646297455;0.17270030081272125;-0.9728710055351257;1.0;-0.002291918033733964;0.09026139974594116;0.9361460208892822;0.009359844960272312;-0.06931865215301514;-0.9975506663322449;0.55208420753479;0;0.0;1.0;0;TRUE;1.0;TRUE;1.0;0.00975070707499981;1.0;0.009584387764334679;0.9748422503471375;0;2;TRUE
1737631801214;304062;FALSE;FALSE;FALSE;FALSE;FALSE;TRUE;FALSE;FALSE;FALSE;FALSE;FALSE;FALSE;FALSE;FALSE;5162744373000;2;-0.002603913191705942;0.08890070766210556;0.9420235753059387;-0.9880582690238953;0.020277800038456917;-0.15274052321910858;-0.006650649476796389;0.9847656488418579;0.17375946044921875;0.15393708646297455;0.17270030081272125;-0.9728710055351257;1.0;-0.002291918033733964;0.09026139974594116;0.9361460208892822;0.009359844960272312;-0.06931865215301514;-0.9975506663322449;0.55208420753479;0;0.0;1.0;0;TRUE;1.0;TRUE;1.0;0.00975070707499981;1.0;0.009584387764334679;0.9748422503471375;0;2;TRUE
1737631801241;304063;FALSE;FALSE;FALSE;FALSE;FALSE;TRUE;FALSE;FALSE;FALSE;FALSE;FALSE;FALSE;FALSE;FALSE;5162777744000;2;-0.0025431360118091106;0.08846261352300644;0.942011833190918;-0.9888268113136292;0.019525133073329926;-0.14778466522693634;-0.00585376238450408;0.9855342507362366;0.16937510669231415;0.14895392954349518;0.16834774613380432;-0.9744083881378174;1.0;-0.0027577406726777554;0.09012016654014587;0.9360383749008179;0.030191371217370033;-0.018754005432128906;-0.9993681907653809;0.5365046858787537;0;0.0;1.0;0;TRUE;1.0;TRUE;1.0;0.009748291224241257;1.0;0.009694280102849007;0.9492344856262207;0;2;TRUE
1737631801253;304064;FALSE;FALSE;FALSE;FALSE;FALSE;TRUE;FALSE;FALSE;FALSE;FALSE;FALSE;FALSE;FALSE;FALSE;5162794425000;2;-0.002190619008615613;0.08828935027122498;0.9420648217201233;-0.988929808139801;0.02334480732679367;-0.14653612673282623;-0.0016463382635265589;0.9857595562934875;0.16815294325351715;0.14837488532066345;0.1665326952934265;-0.9748085737228394;1.0;-0.0028224755078554153;0.09008247405290604;0.9360103011131287;0.03657984361052513;-0.00400417810305953;-0.9993227124214172;0.534706711769104;0;0.0;1.0;0;TRUE;1.0;TRUE;1.0;0.009990896098315716;1.0;0.009997621178627014;0.9240243434906006;0;2;TRUE
1737631801270;304065;FALSE;FALSE;FALSE;FALSE;FALSE;TRUE;FALSE;FALSE;FALSE;FALSE;FALSE;FALSE;FALSE;FALSE;5162811119000;2;-0.002405421808362007;0.08827782422304153;0.9422076940536499;-0.9899476170539856;0.021647984161973;-0.13976815342903137;-0.002318110316991806;0.9856007099151611;0.16907340288162231;0.14141570031642914;0.16769780218601227;-0.9756428599357605;1.0;-0.003690369427204132;0.0899452492594719;0.9358962178230286;0.06474121659994125;0.036184921860694885;-0.9972458481788635;0.5461248159408569;0;0.0;1.0;0;TRUE;1.0;TRUE;1.0;0.009882448241114616;1.0;0.010192322544753551;0.9491821527481079;0;2;TRUE
1737631801288;304066;FALSE;FALSE;FALSE;FALSE;FALSE;TRUE;FALSE;FALSE;FALSE;FALSE;FALSE;FALSE;FALSE;FALSE;5162827794000;2;-0.002353956690058112;0.08800233155488968;0.942114531993866;-0.9904780387878418;0.025433514267206192;-0.1353009045124054;0.002624031389132142;0.9860962629318237;0.16615445911884308;0.13764560222625732;0.16421730816364288;-0.9767734408378601;1.0;0.0016428872477263212;0.0896047055721283;0.9364327192306519;0.11216138303279877;0.07006891816854477;-0.9912165403366089;0.6988828778266907;0;0.0;1.0;0;TRUE;1.0;TRUE;1.0;0.009575866162776947;1.0;0.010128676891326904;0.9491821527481079;0;2;TRUE
1737631801303;304067;FALSE;FALSE;FALSE;FALSE;FALSE;TRUE;FALSE;FALSE;FALSE;FALSE;FALSE;FALSE;FALSE;FALSE;5162844484000;2;-0.002060271566733718;0.08787305653095245;0.942111611366272;-0.9900197386741638;0.027776028960943222;-0.1381644457578659;0.004697294440120459;0.9863438606262207;0.16463209688663483;0.1408504694700241;0.16234003007411957;-0.9766303300857544;1.0;-0.0005311567801982164;0.08926545083522797;0.9359990954399109;0.14628854393959045;0.05397976562380791;-0.9877681136131287;0.7907851934432983;0;0.0;1.0;0;TRUE;1.0;TRUE;1.0;0.008861050009727478;1.0;0.009828665293753147;0.9747898578643799;0;2;TRUE
1737631801320;304068;FALSE;FALSE;FALSE;FALSE;FALSE;TRUE;FALSE;FALSE;FALSE;FALSE;FALSE;FALSE;FALSE;FALSE;5162861175000;2;-0.0020346129313111305;0.08763986080884933;0.9419921040534973;-0.9902112483978271;0.02994556538760662;-0.1363266259431839;0.007666334975510836;0.9869083166122437;0.1611001193523407;0.13936610519886017;0.1584780216217041;-0.9774772524833679;1.0;0.0;0.0;0.0;0.0;0.0;0.0;0.0;0;0.0;1.0;0;TRUE;1.0;TRUE;1.0;0.007752652280032635;1.0;0.009023553691804409;1.0;0;2;TRUE
1737631801336;304069;FALSE;FALSE;FALSE;FALSE;FALSE;TRUE;FALSE;FALSE;FALSE;FALSE;FALSE;FALSE;FALSE;FALSE;5162877846000;2;-0.0014816547045484185;0.08745008707046509;0.9420645833015442;-0.9902772903442383;0.03959163650870323;-0.13335417211055756;0.017974192276597023;0.9870240092277527;0.15956351161003113;0.1379411518573761;0.1556151956319809;-0.9781391024589539;1.0;0.0;0.0;0.0;0.0;0.0;0.0;0.0;0;0.0;1.0;0;TRUE;1.0;TRUE;1.0;0.006509167142212391;1.0;0.007883813232183456;1.0;0;2;TRUE
1737631801353;304070;FALSE;FALSE;FALSE;FALSE;FALSE;TRUE;FALSE;FALSE;FALSE;FALSE;FALSE;FALSE;FALSE;FALSE;5162894536000;2;-0.002008965238928795;0.08732344210147858;0.941949188709259;-0.991482675075531;0.030566029250621796;-0.12660083174705505;0.0106141846626997;0.987800121307373;0.15536504983901978;0.12980520725250244;0.15269799530506134;-0.9797111749649048;1.0;0.0;0.0;0.0;0.0;0.0;0.0;0.0;0;0.0;1.0;0;TRUE;1.0;TRUE;1.0;0.004837828688323498;1.0;0.006505799479782581;1.0;0;2;TRUE
